%YAML:1.0
---
width: 2000
height: 1500
K: !!opencv-matrix
   rows: 3
   cols: 3
   dt: d
   data: [ 1.5514466165666736e+03, 0., 9.9655126152888374e+02, 0.,
       1.5455695571534109e+03, 7.4553304322976066e+02, 0., 0., 1. ]
D: !!opencv-matrix
   rows: 8
   cols: 1
   dt: d
   data: [ -9.0620696853208615e-03, 5.7008068338397277e-02,
       -2.8155637642889913e-05, -7.9121190759052042e-04,
       -7.6717397009846408e-02, 0., 0., 0. ]
